AO-07
1 07530U 74089B   23161.23311486 -.00000027  00000-0  12209-3 0  9991
2 07530 101.9464 147.8633 0012658  77.2300 294.2578 12.53664645222303
UO-11
1 14781U 84021B   23161.52120858  .00001573  00000-0  19089-3 0  9996
2 14781  97.6568 138.7101 0007100 214.8540 145.2211 14.84885241 93156
AO-16
1 20439U 90005D   23161.24964874  .00000203  00000-0  90829-4 0  9996
2 20439  98.8826 151.3027 0009980 219.4929 151.4753 14.33107059743915
LO-19
1 20442U 90005G   23161.74834115  .00000198  00000-0  88910-4 0  9990
2 20442  98.8432 138.1266 0011393 192.3260 167.7646 14.33261288744487
HUBBLE
1 20580U 90037B   23161.81323396  .00004453  00000-0  23389-3 0  9996
2 20580  28.4702 310.4170 0002234 318.2419 188.7711 15.13230031620768
MET-2/21
1 22782U 93055A   23161.56080069  .00000031  00000-0  14029-4 0  9994
2 22782  82.5493  90.0252 0023630  64.0112 108.5167 13.83886317503802
AO-27
1 22825U 93061C   23161.56234769  .00000140  00000-0  71519-4 0  9995
2 22825  98.8411 204.3460 0009594  88.2427 271.9854 14.30307397549347
IO-26
1 22826U 93061D   23161.35763729  .00000169  00000-0  82191-4 0  9995
2 22826  98.8357 204.0013 0010076  76.1906 284.0397 14.30668307549587
FO-29
1 24278U 96046B   23161.38822818  .00000024  00000-0  57356-4 0  9997
2 24278  98.5278 140.8699 0351315  74.5733 289.3922 13.53145832324018
NOAA-15
1 25338U 98030A   23161.77321522  .00000276  00000-0  13313-3 0  9992
2 25338  98.6055 190.9398 0009776 339.1694  20.9087 14.26330596304348
GO-32
1 25397U 98043D   23161.47444287  .00000115  00000-0  69987-4 0  9993
2 25397  98.8683 118.8727 0002024 123.8362 236.3009 14.23877156294593
ISS
1 25544U 98067A   23161.86986188  .00016123  00000-0  28315-3 0  9992
2 25544  51.6418 359.8490 0005360  71.3470 306.5185 15.50662912400819
NO-44
1 26931U 01043C   23161.56058236  .00000144  00000-0  86323-4 0  9992
2 26931  67.0502 213.9357 0008031 273.4798  86.5385 14.30923452132638
SO-50
1 27607U 02058C   23161.59904439  .00001636  00000-0  24087-3 0  9993
2 27607  64.5548 285.1270 0069694 226.0184 133.5161 14.77295716101256
CO-55
1 27844U 03031E   23161.42819524  .00000395  00000-0  19525-3 0  9992
2 27844  98.6772 168.7842 0010605 139.7668 220.4297 14.22783031 34772
CO-57
1 27848U 03031J   23161.43695813  .00000344  00000-0  17418-3 0  9993
2 27848  98.6808 169.2113 0010216 153.7441 206.4257 14.22293458 34540
RS-22
1 27939U 03042A   23161.73185501  .00001368  00000-0  24513-3 0  9998
2 27939  98.2426 308.6443 0013144 152.2279 324.2670 14.68378863 53592
NOAA-18
1 28654U 05018A   23161.69309161  .00000235  00000-0  14977-3 0  9998
2 28654  98.9095 236.1147 0014872  42.5196 317.7125 14.12949684930657
CO-58
1 28895U 05043F   23161.58593487  .00001723  00000-0  32514-3 0  9997
2 28895  98.1530 293.6964 0017575  93.5894 266.7320 14.65647918939842
CO-65
1 32785U 08021C   23161.69284378  .00003275  00000-0  32600-3 0  9997
2 32785  97.7052 127.7870 0013596 121.0757 239.1799 14.92240146819928
AAUSAT2
1 32788U 08021F   23161.49671437  .00010312  00000-0  75419-3 0  9999
2 32788  97.5593 141.0638 0008589  28.6409 331.5287 15.03763586822207
DO-64
1 32789U 08021G   23161.52346052  .00052813  00000-0  15008-2 0  9995
2 32789  97.3031 183.0579 0009287 137.8002 222.3958 15.35951802826369
CO-66
1 32791U 08021J   23161.38613335  .00005892  00000-0  52082-3 0  9992
2 32791  97.6545 132.7650 0013652  77.6624 282.6125 14.96630202820642
RS-30
1 32953U 08025A   23161.76593567  .00000052  00000-0  29943-3 0  9995
2 32953  82.5022 321.0897 0019467 195.9674 164.0794 12.43125032682854
PRISM
1 33493U 09002B   23161.34642794  .00010183  00000-0  69405-3 0  9995
2 33493  98.2453 175.3864 0017772  73.1943 287.1230 15.06342583782715
NOAA-19
1 33591U 09005A   23161.80752423  .00000216  00000-0  14141-3 0  9992
2 33591  99.0996 207.6326 0012821 259.8699 100.1026 14.12767269739041
SRMSAT
1 37841U 11058D   23161.58370420  .00000441  00000-0  97159-4 0  9994
2 37841  19.9714 249.9535 0011792 320.0747 162.7052 14.10900376602097
HRBE
1 37855U 11061F   23161.32233024  .00031653  00000-0  99529-3 0  9994
2 37855 101.7058 119.1649 0120507  61.6637 299.6679 15.26060323635513
RS-40
1 38735U 12041C   23161.55148306  .00000017  00000-0  54166-4 0  9993
2 38735  82.4781  42.2292 0016854 314.3873  45.5826 12.42594311492896
ZACUBE-1
1 39417U 13066B   23161.35880559  .00003801  00000-0  44118-3 0  9999
2 39417  97.6848 123.2644 0053491 311.3190  48.3428 14.84954106516182
Delfi-N3xt
1 39428U 13066N   23161.51582430  .00003068  00000-0  44626-3 0  9995
2 39428  97.8333  86.5885 0109736 210.1238 149.3630 14.72571493511156
GOMX-1
1 39430U 13066Q   23161.68501685  .00002698  00000-0  47315-3 0  9995
2 39430  97.7806  53.2033 0145533 354.6284   5.3350 14.61815094508588
LO-74
1 39440U 13066AA  23161.74372175  .00004143  00000-0  53555-3 0  9993
2 39440  97.7718 110.7055 0076828  49.0924 311.6908 14.79377994514401
AO-73
1 39444U 13066AE  23161.73326399  .00004169  00000-0  46449-3 0  9995
2 39444  97.6711 126.1662 0051395 295.0814  64.5073 14.86652099515278
SPROUT
1 39770U 14029E   23161.36573064  .00018154  00000-0  13866-2 0  9994
2 39770  97.9864 288.3969 0006026 324.6461  35.4363 15.02009445491138
DTUSAT-2
1 40030U 14033W   23161.31170975  .00004800  00000-0  46667-3 0  9998
2 40030  97.9672 101.7612 0009560 322.2497  37.8050 14.93025618486972
EO-80
1 40032U 14033Y   23161.55556652  .00003947  00000-0  38475-3 0  9995
2 40032  97.9666 102.0260 0009714 321.9926  38.0606 14.93031275486981
HODOYOSHI-1
1 40299U 14070B   23161.71305962  .00010426  00000-0  32319-3 0  9996
2 40299  97.1938 224.5459 0008899 304.4208  55.6193 15.33565733477816
FIREBIRD FU3
1 40377U 15003B   23161.39284372  .00151214  00000-0  10893-2 0  9998
2 40377  99.0744 118.4164 0038769 220.7998 139.0355 15.72066530463588
FIREBIRD FU4
1 40378U 15003C   23161.33381474  .00161526  00000-0  11680-2 0  9996
2 40378  99.0763 118.6637 0039085 220.5422 139.2923 15.71933453463577
GRIFEX
1 40379U 15003D   23161.80642371  .00033885  00000-0  74361-3 0  9997
2 40379  99.0776  97.0235 0079366 293.5538  65.7380 15.40636186462400
XW-2C
1 40906U 15049H   23161.73169653  .00010501  00000-0  40676-3 0  9994
2 40906  97.4935 168.8481 0012020 174.7855 185.3511 15.26286878427411
XW-2D
1 40907U 15049J   23161.75869070  .00013730  00000-0  50102-3 0  9999
2 40907  97.4916 169.3900 0011424 167.2550 192.8980 15.28199605427505
LILACSAT-2
1 40908U 15049K   23161.77072410  .00005522  00000-0  26167-3 0  9990
2 40908  97.5247 164.8459 0013190 205.3500 154.7089 15.19652986426821
XW-2E
1 40909U 15049L   23161.74680940  .00028686  00000-0  76533-3 0  9999
2 40909  97.4528 175.5538 0010786 136.8767 223.3324 15.38037807428154
XW-2F
1 40910U 15049M   23161.74166592  .00028260  00000-0  76976-3 0  9992
2 40910  97.4621 174.7850 0011509 139.5563 220.6539 15.37390821427891
XW-2B
1 40911U 15049N   23161.75375363  .00013365  00000-0  49109-3 0  9990
2 40911  97.4896 169.8261 0011327 168.7420 191.4075 15.27978435427387
DCBB
1 40912U 15049P   23161.72396750  .00037217  00000-0  82957-3 0  9991
2 40912  97.4171 179.3794 0011273 107.4613 252.7868 15.43432702428613
IO-86
1 40931U 15052B   23161.67727144  .00001160  00000-0  71108-4 0  9990
2 40931   5.9984 132.9692 0013297 205.0979 154.8501 14.77233609416388
ATHENOXAT-1
1 41168U 15077C   23161.64177219  .00148489  00000-0  18524-2 0  9996
2 41168  14.9863 272.8221 0002729 358.0550   1.9766 15.57938362415292
ChubuSat-2
1 41338U 16012B   23161.70402835  .00003724  00000-0  25690-3 0  9992
2 41338  31.0023 259.2584 0012303 113.4896 246.7035 15.03954808401405
ChubuSat-3
1 41339U 16012C   23161.56539639  .00003365  00000-0  23244-3 0  9994
2 41339  31.0087 257.2454 0012213 119.6168 240.5687 15.03814134401389
Horyu-4
1 41340U 16012D   23161.50442431  .00006201  00000-0  38885-3 0  9992
2 41340  31.0029 226.3101 0011740 175.0885 184.9869 15.07817858401719
e-st@r-II
1 41459U 16025D   23161.80711897  .00030823  00000-0  89421-3 0  9994
2 41459  98.1873   2.4614 0108646 121.3970 239.7950 15.29701342391929
AAUSAT4
1 41460U 16025E   23161.51181516  .00106531  00000-0  14268-2 0  9999
2 41460  98.1612  14.5715 0059555  78.2851 282.5075 15.55499817392734
LO-87
1 41557U 16033B   23161.73251671  .00061913  00000-0  79861-3 0  9994
2 41557  97.3878 269.3680 0007551 162.8188 197.3325 15.58771264392620
NuSat2
1 41558U 16033C   23161.73106860  .00075833  00000-0  84966-3 0  9992
2 41558  97.4157 277.4125 0007070 157.5730 202.5839 15.62417293392966
Lapan A3
1 41603U 16040E   23161.74929711  .00002529  00000-0  11209-3 0  9992
2 41603  97.1661 187.6112 0012076 347.6124  12.4815 15.22427989386518
Pratham
1 41783U 16059A   23161.32468649  .00000878  00000-0  17499-3 0  9995
2 41783  97.8687 192.7444 0034351 121.1202 239.3378 14.63948971357974
TY-1
1 41844U 16066D   23161.75041324  .00053689  00000-0  85626-3 0  9990
2 41844  97.3678 180.8772 0010332  89.7330 270.5107 15.53001202366685
CAS-2T
1 41847U 16066G   23161.42818263  .00001300  00000-0  20306-3 0  9998
2 41847  98.5043 230.0129 0359150 217.5743 139.9854 14.39665839345830
EO-88
1 42017U 17008BX  23161.61994821  .00214430  00000-0  12432-2 0  9991
2 42017  97.2075 232.6830 0002750 213.1843 146.9251 15.77948035352430
CAS-4B
1 42759U 17034B   23161.47454961  .00006799  00000-0  34583-3 0  9992
2 42759  43.0143 153.0013 0009617  53.8072 306.3664 15.17315600330615
CAS-4A
1 42761U 17034D   23161.42485280  .00007906  00000-0  40006-3 0  9996
2 42761  43.0130 151.8084 0010456  56.1405 304.0437 15.17316487330603
NIUSat
1 42766U 17036B   23161.36950293  .00025713  00000-0  66482-3 0  9999
2 42766  97.1570 192.8329 0012234 124.5245 235.7158 15.39004831331568
Aalto 1
1 42775U 17036L   23161.55331723  .00016551  00000-0  48410-3 0  9992
2 42775  97.1523 191.7905 0011908 124.9520 235.2845 15.35262809331500
URSA MAIOR
1 42776U 17036M   23161.36413195  .00021268  00000-0  58493-3 0  9999
2 42776  97.1535 192.9239 0011553 123.1623 237.0732 15.37141328331541
Max Valier Sat
1 42778U 17036P   23161.53330344  .00021478  00000-0  56478-3 0  9998
2 42778  97.1557 196.5354 0010468 122.0564 238.1700 15.38541036331707
Pegasus
1 42784U 17036V   23161.35727234  .00038479  00000-0  76775-3 0  9994
2 42784  97.1473 198.8584 0009060 119.5420 240.6735 15.46712044331927
SUCHAI 1
1 42788U 17036Z   23161.35597646  .00073804  00000-0  10370-2 0  9999
2 42788  97.1449 202.5311 0007795 120.4499 239.7528 15.56425450332232
SKCUBE
1 42789U 17036AA  23161.14855235  .00054265  00000-0  92413-3 0  9997
2 42789  97.1449 200.7890 0008504 117.4801 242.7318 15.51180798332023
VENTA 1
1 42791U 17036AC  23161.37642767  .00038927  00000-0  76951-3 0  9995
2 42791  97.1486 200.0604 0008536 116.7574 243.4551 15.46984357331985
Robusta 1B
1 42792U 17036AD  23161.57716654  .00063614  00000-0  95848-3 0  9992
2 42792  97.1426 202.4324 0007166 116.2188 243.9804 15.54563507332187
D-SAT
1 42794U 17036AF  23161.51317344  .00004714  00000-0  37560-3 0  9994
2 42794  97.4641 153.8824 0115440 324.9912  34.3757 14.95668343324967
TechnoSat
1 42829U 17042E   23161.62406534  .00002735  00000-0  26394-3 0  9996
2 42829  97.3898 359.4604 0011974 244.4161 115.5822 14.93591235321514
AO-91
1 43017U 17073E   23161.25113657  .00007293  00000-0  50691-3 0  9991
2 43017  97.6314  45.8632 0235403  92.1872 270.6317 14.85984052300152
PICSAT
1 43132U 18004X   23161.49361552  .00073683  00000-0  10056-2 0  9995
2 43132  97.3282 244.5349 0005697 154.8075 205.3459 15.57228607301504
AO-92
1 43137U 18004AC  23161.46665551  .00033273  00000-0  69111-3 0  9991
2 43137  97.3281 240.5877 0006758 156.5580 203.5978 15.45586633301272
TianYi 2
1 43155U 18008A   23161.75739928  .00017514  00000-0  69470-3 0  9995
2 43155  97.2985 214.4321 0011621 337.2119  22.8602 15.25370420297674
Zhou Enlai
1 43156U 18008B   23161.76975379  .00019411  00000-0  75740-3 0  9994
2 43156  97.3032 214.5491 0009278 339.0286  21.0571 15.25919955297609
TianYi 6
1 43158U 18008D   23161.56206549  .00013770  00000-0  59060-3 0  9999
2 43158  97.3036 211.3161 0009457 344.6279  15.4669 15.22806836297411
S-Net D
1 43186U 18014G   23161.44723759  .00002820  00000-0  22851-3 0  9993
2 43186  97.6315  65.3816 0015381 181.2170 178.9019 15.00420374292545
S-Net B
1 43187U 18014H   23161.71506750  .00002830  00000-0  22930-3 0  9993
2 43187  97.6304  65.5733 0015607 178.6746 181.4522 15.00411957292583
S-Net A
1 43188U 18014J   23161.51512896  .00002741  00000-0  22229-3 0  9992
2 43188  97.6311  65.4644 0015596 179.4642 180.6602 15.00413311292556
S-Net C
1 43189U 18014K   23161.51730281  .00002873  00000-0  23277-3 0  9993
2 43189  97.6296  65.3566 0015923 175.5972 184.5394 15.00398572291100
Shaonian Xing
1 43199U 18015H   23161.40684292  .00168627  00000-0  11165-2 0  9995
2 43199  97.5428 320.5596 0008114 203.6661 156.4231 15.74999008298756
CubeBel-1
1 43666U 18083E   23161.76178828  .00031127  00000-0  84084-3 0  9996
2 43666  97.3807 193.3274 0011498 139.2776 220.9330 15.37627363256216
Changshagaoxin
1 43669U 18083H   23161.71664084  .00023387  00000-0  70584-3 0  9997
2 43669  97.3798 187.9475 0009292 137.7752 222.4208 15.34235080255955
Ten-Koh
1 43677U 18084G   23161.37937485  .00002450  00000-0  24104-3 0  9992
2 43677  98.0125 301.1433 0015473 166.8272 193.3354 14.92996030251044
PO-101
1 43678U 18084H   23161.82358166  .00001858  00000-0  18249-3 0  9990
2 43678  98.0223 305.6650 0009645 174.6687 185.4636 14.93408947251316
QO-100
1 43700U 18090A   23161.34210022  .00000141  00000-0  00000-0 0  9995
2 43700   0.0150  55.5407 0001787  57.6562 294.1852  1.00272360 16618
Reaktor Hello World
1 43743U 18096AA  23161.64180992  .00060711  00000-0  81894-3 0  9995
2 43743  97.3168 248.4780 0010386 198.4750 161.6130 15.57549276253157
MinXSS-2
1 43758U 18099A   23161.39451975  .00007261  00000-0  56376-3 0  9996
2 43758  97.6009 225.6305 0017651 144.6834 215.5563 15.01513686246727
AO-95
1 43770U 18099N   23161.42031985  .00004626  00000-0  37827-3 0  9991
2 43770  97.5709 223.1430 0012859 156.3389 203.8429 14.99770331246593
RANGE-B
1 43772U 18099Q   23161.43291314  .00006666  00000-0  51933-3 0  9998
2 43772  97.5784 225.8988 0009833 118.4493 241.7724 15.01493149246657
RANGE-A
1 43773U 18099R   23161.59118167  .00004111  00000-0  34825-3 0  9994
2 43773  97.5653 221.4088 0014245 133.5997 226.6411 14.98450368246573
MOVE-II
1 43780U 18099Y   23161.64902618  .00009270  00000-0  68096-3 0  9998
2 43780  97.5722 225.8132 0009826 167.0599 193.0881 15.03620932246756
SNUSat 2
1 43782U 18099AA  23161.45176389  .00005155  00000-0  42180-3 0  9991
2 43782  97.5721 223.6802 0014764 130.6876 229.5633 14.99671608246624
SnugLite
1 43784U 18099AC  23161.40469164  .00004875  00000-0  39310-3 0  9993
2 43784  97.5749 223.3065 0011343 139.5025 220.7045 15.00293095246654
ITASat 1
1 43786U 18099AE  23161.42105546  .00003798  00000-0  31392-3 0  9993
2 43786  97.5752 224.1767 0013622 143.7834 216.4315 14.99457233246638
EAGLET 1
1 43790U 18099AJ  23161.46073178  .00004345  00000-0  36200-3 0  9999
2 43790  97.5757 224.6841 0014394 140.2979 219.9301 14.99057068246371
ESEO
1 43792U 18099AL  23161.47914650  .00001327  00000-0  11822-3 0  9991
2 43792  97.5700 223.1971 0013480 142.0887 218.1287 14.97616868246384
CSIM
1 43793U 18099AM  23161.41366108  .00009148  00000-0  66316-3 0  9992
2 43793  97.5747 226.8963 0017242 146.9854 213.2452 15.04045350246565
Astrocast 0.1
1 43798U 18099AS  23161.41481111  .00008321  00000-0  62964-3 0  9996
2 43798  97.5822 226.2551 0013486 125.1923 235.0567 15.02497986246757
JO-97
1 43803U 18099AX  23161.44815754  .00005855  00000-0  46498-3 0  9993
2 43803  97.5694 224.1883 0014604 113.8690 246.4066 15.00764791246685
Suomi 100
1 43804U 18099AY  23161.44307767  .00005642  00000-0  45162-3 0  9995
2 43804  97.5665 223.9941 0018942 130.5531 229.7346 15.00419445246683
Al Farabi 2
1 43805U 18099AZ  23161.39331622  .00008197  00000-0  62660-3 0  9997
2 43805  97.5595 224.9629 0012799 125.6657 234.5761 15.02120034246734
CHOMPTT
1 43855U 18104G   23161.73994569  .00020916  00000-0  52042-3 0  9998
2 43855  85.0300 170.5425 0010759 358.8006   1.3218 15.40084156249586
ISAT
1 43879U 18111D   23161.30179460  .00005419  00000-0  41385-3 0  9999
2 43879  97.6418  65.8564 0014236 179.7938 180.3295 15.02302798243309
UWE-4
1 43880U 18111E   23161.69567376  .00005858  00000-0  44876-3 0  9995
2 43880  97.6314  66.9761 0017787 192.6828 167.3952 15.02106942241398
Sparrow
1 43881U 18111F   23161.31064739  .00005470  00000-0  41410-3 0  9991
2 43881  97.6487  67.2011 0009670 222.9940 137.0530 15.02680384243357
Lume 1
1 43908U 18111AJ  23161.22089958  .00031774  00000-0  64845-3 0  9994
2 43908  97.1406  44.5841 0011375 214.6384 145.4126 15.46064919248310
FO-99
1 43937U 19003F   23161.52640942  .00049207  00000-0  80820-3 0  9997
2 43937  97.0860 188.8198 0009154 298.2647  61.7682 15.52213814245012
AstroCast 0.2
1 44083U 19018F   23161.12638688  .00047785  00000-0  86246-3 0  9993
2 44083  97.2656 220.8524 0003750 248.8274 111.2577 15.49594304233320
AISTechSat 3
1 44103U 19018AB  23161.72315555  .00024934  00000-0  61000-3 0  9999
2 44103  97.2532 220.2266 0006986 295.0226  65.0295 15.40753383233517
AISat 1
1 44104U 19018AC  23161.21495611  .00017528  00000-0  34390-3 0  9999
2 44104  97.3731 252.4322 0039302 283.2969  76.3899 15.46541341234646
Prox-1
1 44339U 19036A   23161.46368841  .00006196  00000-0  12377-2 0  9999
2 44339  24.0008  87.2799 0010183 189.9902 170.0389 14.59355214210619
Move-IIb
1 44398U 19038N   23161.21109139  .00051387  00000-0  12877-2 0  9999
2 44398  97.6595 143.6959 0010711 324.3389  35.7139 15.39834855217593
SONATE
1 44400U 19038Q   23161.39055723  .00009693  00000-0  43575-3 0  9994
2 44400  97.6836 138.8971 0019676 341.3902  18.6611 15.21175039217200
BeeSat 9
1 44412U 19038AC  23161.40849904  .00022489  00000-0  78147-3 0  9992
2 44412  97.6738 141.8254 0013853 337.7927  22.2711 15.29667148217127
JAISAT-1
1 44419U 19038F   23161.42504288  .00022278  00000-0  76690-3 0  9991
2 44419  97.6734 142.9225 0012935 334.2674  25.7921 15.29986558217503
Taurus 1
1 44530U 19059C   23161.72738823  .00004045  00000-0  10536-2 0  9993
2 44530  98.5544 269.4284 0014524 113.5213 246.7509 14.50042852197708
Duchifat 3
1 44854U 19089C   23161.24611452  .00007353  00000-0  49734-3 0  9998
2 44854  36.9612 132.7663 0010495 259.8214 100.1346 15.06133869191853
OPS-SAT
1 44878U 19092F   23161.80168667  .00021606  00000-0  65150-3 0  9992
2 44878  97.4759 350.4695 0010053 153.2151 206.9613 15.34273418192819
TO-108
1 44881U 19093C   23161.81738301  .00001114  00000-0  14495-3 0  9994
2 44881  97.8617 240.3768 0016178  98.5681 261.7366 14.82523868187852
FloripaSat 1
1 44885U 19093G   23161.68101356  .00003608  00000-0  42058-3 0  9993
2 44885  97.8676 242.9149 0015109 101.6812 258.6100 14.85763772187985
RS-44
1 44909U 19096E   23161.49879278  .00000019  00000-0  32077-4 0  9991
2 44909  82.5217 352.3911 0217016 202.3538 156.7995 12.79721045161308
BY70-2
1 45857U 20042B   23161.76475606  .00016942  00000-0  17485-2 0  9990
2 45857  97.9249 241.6415 0008379  39.4804 320.7022 14.90223536158587
UPMSat 2
1 46276U 20061E   23161.45222308  .00008272  00000-0  35094-3 0  9996
2 46276  97.3464 229.1740 0001819  57.7445 302.3968 15.23351237153266
AmicalSat
1 46287U 20061R   23161.42783956  .00011166  00000-0  52250-3 0  9995
2 46287  97.3999 228.0645 0003742 112.2914 247.8718 15.19907996152683
SALSAT
1 46495U 20068K   23161.28495868  .00004394  00000-0  29162-3 0  9990
2 46495  97.7691 109.2150 0016662 139.0804 221.1678 15.07667223148035
CAPE 3
1 47309U 21002A   23161.49332668  .00029913  00000-0  72799-3 0  9993
2 47309  60.6773  85.8289 0013377 185.0295 175.0668 15.40737903133251
AO-109
1 47311U 21002C   23161.48587446  .00023579  00000-0  61706-3 0  9999
2 47311  60.6808  84.2960 0013294 174.8498 185.2736 15.38636206133251
MiTEE 1
1 47314U 21002F   23161.67244564  .01693675  21891-2  17959-2 0  9998
2 47314  60.6535  44.5067 0013319 244.1188 115.8567 16.10142403133964
ExoCube 2
1 47319U 21002L   23161.35225856  .00023272  00000-0  62458-3 0  9992
2 47319  60.6788  86.9374 0013489 179.7405 180.3699 15.37862156133160
UVSQ-SAT
1 47438U 21006AB  23161.46657559  .00014521  00000-0  59728-3 0  9992
2 47438  97.3843 218.6707 0011533 106.7416 253.5087 15.24192381131620
YUSAT 1
1 47439U 21006AC  23161.63414883  .00018851  00000-0  71991-3 0  9999
2 47439  97.3851 219.5671 0010846 104.9978 255.2462 15.26628108131695
SOMP 2b
1 47445U 21006AJ  23161.12349590  .00014233  00000-0  59853-3 0  9995
2 47445  97.3808 217.5958 0011384 111.8814 248.3635 15.23451348131540
IDEASSat
1 47458U 21006AX  23161.43066608  .00013719  00000-0  58703-3 0  9990
2 47458  97.3907 218.6748 0010729 110.0557 250.1835 15.22878693131571
CubeSX-Sirius-HSE
1 47951U 21022V   23161.72883358  .00009512  00000-0  53544-3 0  9991
2 47951  97.4977  59.1889 0018816   3.3126 356.8227 15.13300590122050
CubeSX-HSE
1 47952U 21022W   23161.76845316  .00008741  00000-0  49149-3 0  9997
2 47952  97.4978  59.2743 0018680   3.1135 357.0209 15.13366266122065
KSU-Cubesat
1 47954U 21022Y   23161.69190232  .00009462  00000-0  51950-3 0  9995
2 47954  97.4985  59.5658 0017998   2.4662 357.6655 15.14206773121798
GRBAlpha
1 47959U 21022AD  23161.75544496  .00008638  00000-0  48472-3 0  9991
2 47959  97.4979  59.3431 0018544   3.2924 356.8426 15.13444972120881
Orbicraft-Zorkiy
1 47960U 21022AE  23161.78176593  .00009848  00000-0  54171-3 0  9992
2 47960  97.5011  59.7865 0018158   2.3929 357.7386 15.14124396121592
STECCO
1 47962U 21022AG  23161.74595341  .00018595  00000-0  86518-3 0  9995
2 47962  97.4977  62.0721 0012251 354.8162   5.2944 15.19929541121061
DO-111
1 47963U 21022AH  23161.71547634  .00216157  00000-0  26638-2 0  9995
2 47963  97.4956  69.9853 0002021  86.2045 273.9443 15.59473180121583
MO-110
1 47964U 21022AJ  23161.27256565  .00018232  00000-0  82876-3 0  9998
2 47964  97.4993  62.1897 0014054 350.3288   9.7675 15.20715081121029
FEES
1 48082U 21022AL  23161.51545613  .00031148  00000-0  11768-2 0  9994
2 48082  97.4982  63.6186 0009094 348.1806  11.9218 15.26898774120849
TUBIN
1 48900U 21059X   23161.70113656  .00007640  00000-0  36472-3 0  9992
2 48900  97.5993 295.2597 0007861 308.1878  51.8648 15.19320055108193
IT-SPINS
1 49017U 21013G   23161.28639594  .00030027  00000-0  69934-3 0  9993
2 49017  51.5907 112.5477 0005416 320.5963  39.4627 15.42001461108645
LEDSAT
1 49069U 21073D   23161.64408162  .00008006  00000-0  44051-3 0  9996
2 49069  97.4821 232.6295 0025369 140.8956 219.4116 15.14041186 99911
CUTE
1 49263U 21088D   23161.19055614  .00008390  00000-0  54020-3 0  9991
2 49263  97.5441 227.1106 0016219 286.6368  73.3080 15.08501085 93234
TeikyoSat 4
1 49396U 21102B   23161.47055919  .00001911  00000-0  14897-3 0  9994
2 49396  97.5156 213.6698 0017685 104.8108 255.5077 15.02225067 86768
Z-Sat
1 49399U 21102E   23161.76823749  .00004319  00000-0  30843-3 0  9997
2 49399  97.4840 215.0616 0023267  91.9540 268.4352 15.04796918 86922
KOSEN 1
1 49402U 21102H   23161.45130069  .00004004  00000-0  27341-3 0  9994
2 49402  97.4766 215.2536 0022432  82.4527 277.9248 15.06537482 86942
HO-113
1 50466U 21131B   23161.77238126  .00000627  00000-0  21804-3 0  9991
2 50466  98.5519 243.3370 0005000 146.8807 213.2695 14.38914360 76438
Tevel-3
1 50988U 22002E   23161.74868523  .00018201  00000-0  73421-3 0  9994
2 50988  97.4331 228.7589 0006608 247.9054 112.1482 15.24843049 77789
Tevel-8
1 50989U 22002F   23161.76715433  .00017149  00000-0  69340-3 0  9993
2 50989  97.4347 228.8356 0006606 246.4794 113.5750 15.24776894 77789
Tevel-5
1 50998U 22002Q   23161.76235687  .00018248  00000-0  71823-3 0  9991
2 50998  97.4325 229.1483 0007865 242.2651 117.7789 15.25656390 77815
Tevel-6
1 50999U 22002R   23161.76088072  .00018067  00000-0  71118-3 0  9992
2 50999  97.4323 229.1415 0007874 242.2648 117.7792 15.25655796 77818
Tevel-1
1 51013U 22002AF  23161.75829308  .00017292  00000-0  69871-3 0  9996
2 51013  97.4325 228.7123 0006509 247.1115 112.9435 15.24796768 77787
Grizu-263a
1 51025U 22002AT  23161.67790844  .00076220  00000-0  16410-2 0  9998
2 51025  97.4472 234.0700 0008217 228.0350 132.0199 15.44312278 78054
NO-116
1 51031U 22002AZ  23161.12801046  .00034198  00000-0  11001-2 0  9991
2 51031  97.4460 231.0012 0008619 242.9982 117.0380 15.32128762 77822
IRIS-A
1 51044U 22002BN  23161.48739210  .00008287  00000-0  39592-3 0  9993
2 51044  97.4343 227.0467 0006716 258.3774 101.6707 15.19263081 77642
Tevel-7
1 51062U 22002CG  23161.76822645  .00017200  00000-0  69507-3 0  9993
2 51062  97.4342 228.8101 0006603 245.8417 114.2130 15.24794125 77784
Tevel-4
1 51063U 22002CH  23161.64283465  .00017366  00000-0  70288-3 0  9993
2 51063  97.4342 228.6698 0006570 246.3773 113.6775 15.24739023 77760
Tevel-2
1 51069U 22002CP  23161.75052415  .00018015  00000-0  72672-3 0  9991
2 51069  97.4327 228.7322 0006576 247.1902 112.8641 15.24844740 77781
DELFI-PQ
1 51074U 22002CU  23161.15852675  .00038640  00000-0  11194-2 0  9994
2 51074  97.4588 233.3641 0008409 269.3848  90.6432 15.35430846 77921
SO-115
1 51080U 22002DA  23161.18224104  .00020929  00000-0  75660-3 0  9994
2 51080  97.4600 231.8979 0009010 281.6951  78.3278 15.28437109 77822
SO-114
1 51081U 22002DB  23161.62911716  .00020372  00000-0  73249-3 0  9999
2 51081  97.4597 232.3180 0009307 278.8029  81.2156 15.28618150 77893
OreSat0
1 52017U 22026K   23161.21745607  .00017649  00000-0  71115-3 0  9997
2 52017  97.5091 163.5893 0024676 107.7446 252.6487 15.24621502 68485
Planetum 1
1 52738U 22057G   23161.56680139  .00011766  00000-0  54683-3 0  9992
2 52738  97.5372 277.5303 0006884  22.7494 337.4044 15.20120333 57659
Foresail-1
1 52766U 22057AL  23161.73893304  .00008848  00000-0  42133-3 0  9996
2 52766  97.5492 278.5947 0011667 358.9294   1.1913 15.19321946 57702
SNUGLITE 2
1 52899U 22065F   23161.36242727  .00001217  00000-0  26710-3 0  9994
2 52899  98.0685 306.3943 0006958 231.7814 128.2760 14.59289936 49862
CTIM
1 52950U 22074G   23161.13454233  .00047547  00000-0  10738-2 0  9992
2 52950  44.9987  38.7053 0013045 188.7302 171.3362 15.42440226 52518
IO-117
1 53106U 22080B   23156.84588440 -.00000003  00000-0  00000 0 0  9998
2 53106  70.1624 323.6621 0008403 187.6285 172.4247  6.42557080 21021
AstroBioCubeSat
1 53107U 22080C   23025.30817895 -.00000003  00000-0  00000-0 0  9995
2 53107  70.1710   9.4734 0013545 210.3158 149.6718  6.42110537 12478
SelfieSat
1 53951U 22057BC  23161.60626877  .00016103  00000-0  71223-3 0  9993
2 53951  97.5421 278.1857 0008456  11.3198 348.8226 15.21738361 57683
FO-118
1 54684U 22167C   23161.73121439  .00010549  00000-0  58515-3 0  9994
2 54684  97.5618 299.3541 0013122   2.3741 357.7550 15.13879821 27707
KILICSAT
1 56181U 23054D   23161.67536110  .00010870  00000-0  47143-3 0  9995
2 56181  97.4050  56.6547 0011407  64.7355 295.5062 15.22470255  9184
SSS-2B
1 56184U 23054G   23161.67069315  .00011605  00000-0  50064-3 0  9999
2 56184  97.4112  56.7074 0012768  64.2203 296.0350 15.22619143  9187
CIRBE
1 56188U 23054L   23161.65814420  .00014273  00000-0  60685-3 0  9990
2 56188  97.4062  56.6878 0011525  59.4274 300.8098 15.23078607  9188
INSPIRE-Sat 7
1 56211U 23054AK  23161.66939741  .00015828  00000-0  64043-3 0  9991
2 56211  97.4090  56.8456 0015858  42.6240 317.6225 15.24672636  9192
RoseyCubesat 1
1 56212U 23054AL  23161.46647651  .00017064  00000-0  68562-3 0  9990
2 56212  97.4096  56.6634 0016243  42.6088 317.6407 15.24884637  9169
ARKSAT 1
1 56311U 98067VC  23161.56992931  .00056653  00000-0  79420-3 0  9993
2 56311  51.6392   0.1398 0004428  77.5241 282.6245 15.56194326  7333
AuroraSat
1 56312U 98067VD  23161.56430450  .00067401  00000-0  92091-3 0  9999
2 56312  51.6384   0.1011 0003588  75.1866 284.9523 15.56817170  7366
Ex-Alta 2
1 56313U 98067VE  23161.12073274  .00058420  00000-0  81939-3 0  9999
2 56313  51.6386   2.3880 0004307  76.8830 283.2642 15.56167993  7282
LightCube
1 56314U 98067VF  23160.86104095  .00066236  00000-0  91319-3 0  9993
2 56314  51.6384   3.6523 0004122  46.8623 313.2713 15.56579555  7274
NEUDOSE
1 56315U 98067VG  23161.27259674  .00042397  00000-0  62945-3 0  9999
2 56315  51.6388   1.9010 0005775  56.5952 303.5591 15.54752836  7289
YukonSat
1 56316U 98067VH  23161.58451072  .00050190  00000-0  72377-3 0  9990
2 56316  51.6385   0.2356 0005053  53.3423 306.8032 15.55476044  7358
SNIPE 4
1 56744U 23072B   23161.56802944  .00005150  00000-0  34527-3 0  9996
2 56744  97.5521 348.5891 0007228 237.6453 122.4075 15.07277020  2435
SNIPE 2
1 56745U 23072C   23161.76576869  .00004958  00000-0  33135-3 0  9992
2 56745  97.5528 348.7880 0007548 240.8906 119.1566 15.07412702  2466
